origin  0.0000E+00  1.1348E+00  1.5603E+01 extent  5.0000E+02  5.0000E+02
origin  0.0000E+00  1.5319E+01  6.6667E+01 extent  2.5000E+03  2.5000E+03
origin  0.0000E+00 -5.9572E+00  2.8368E+00 extent  1.2500E+04  1.2500E+04
origin  0.0000E+00 -1.1234E+02 -3.2624E+01 extent  2.5000E+03  2.5000E+03
origin  0.0000E+00  4.8877E+03 -3.2624E+01 extent  2.5000E+03  2.5000E+03
origin  0.0000E+00 -1.1234E+02 -3.2624E+01 extent  2.5000E+03  2.5000E+03
origin  0.0000E+00 -1.3362E+02 -6.0993E+01 extent  2.5000E+03  2.5000E+03
origin  0.0000E+00 -2.7234E+01  8.0851E+01 extent  1.2500E+04  1.2500E+04
origin  0.0000E+00  8.2273E+00  1.1631E+02 extent  1.2500E+05  1.2500E+05
origin  0.0000E+00 -7.0099E+02  1.1631E+02 extent  2.5000E+04  2.5000E+04
origin  0.0000E+00 -6.2695E+01  4.5390E+01 extent  2.5000E+03  2.5000E+03
origin  0.0000E+00 -7.6879E+01  8.7943E+01 extent  1.2500E+04  1.2500E+04
origin  0.0000E+00 -1.8326E+02  5.2482E+01 extent  1.2500E+05  1.2500E+05
origin  0.0000E+00 -8.9248E+02  5.2482E+01 extent  1.2500E+04  1.2500E+04
origin  0.0000E+00 -5.0241E+02  1.7021E+01 extent  2.5000E+03  2.5000E+03
