0.00000E+00 0.0000
                  
0.00000E+00 0.0000
                  
0.00000E+00 0.0000
                  
0.00000E+00 0.0000
                  
0.00000E+00 0.0000
                  
0.00000E+00 0.0000
                  
0.00000E+00 0.0000
                  
0.00000E+00 0.0000
                  
0.00000E+00 0.0000
                  
0.00000E+00 0.0000
                  
5.56120E-15 0.7138
                  
2.45189E-14 0.7243
                  
2.27255E-14 0.6166

1.10796E-13 0.3448
                  
2.33536E-13 0.2193
                  
6.49176E-13 0.1438
                  
1.60623E-12 0.1106
                  
3.17482E-12 0.0785
                  
7.31821E-12 0.0512
                  
1.83040E-11 0.0360
                  
4.48906E-11 0.0237
                  
1.17208E-10 0.0165
                  
2.47255E-10 0.0114

0.00000E+00 0.0000
                  
0.00000E+00 0.0000
                  
0.00000E+00 0.0000
                  
0.00000E+00 0.0000
                  
0.00000E+00 0.0000
                  
0.00000E+00 0.0000
                  
4.93505E-15 0.7280
                  
3.39877E-14 0.6465
                  
4.82282E-14 0.5573
                  
7.62106E-14 0.5243
                  
1.03444E-13 0.3949
                  
3.41841E-13 0.2836
                  
9.03074E-13 0.1847

1.67437E-12 0.1246
                  
3.50031E-12 0.0908
                  
6.53675E-12 0.0729
                  
1.11043E-11 0.0573
                  
1.74966E-11 0.0476
                  
2.42357E-11 0.0375
                  
3.02312E-11 0.0348
                  
3.15567E-11 0.0328
                  
3.26983E-11 0.0292
                  
6.41123E-11 0.0111

0.00000E+00 0.0000
                  
0.00000E+00 0.0000
                  
0.00000E+00 0.0000
                  
0.00000E+00 0.0000
                  
0.00000E+00 0.0000
                  
0.00000E+00 0.0000
                  
4.69960E-15 1.0000
                  
1.83052E-14 1.0000
                  
3.88747E-14 0.6534
                  
9.86693E-14 0.5199
                  
1.56675E-13 0.3662
                  
3.12794E-13 0.2849
                  
1.00055E-12 0.2063

1.50515E-12 0.1377
                  
3.12879E-12 0.1038
                  
4.96816E-12 0.0805
                  
8.23923E-12 0.0593
                  
1.35459E-11 0.0493
                  
1.89038E-11 0.0429
                  
2.28909E-11 0.0405
                  
2.48126E-11 0.0371
                  
3.02303E-11 0.0289
                  
8.46352E-11 0.0082

0.00000E+00 0.0000
                  
0.00000E+00 0.0000
                  
6.73007E-15 1.0000
                  
2.83506E-14 1.0000
                  
5.33282E-14 1.0000
                  
1.77935E-14 0.9467
                  
3.82893E-14 0.7259
                  
7.32988E-14 0.5271
                  
3.33059E-13 0.4409
                  
7.59534E-13 0.3156
                  
1.19624E-12 0.1564
                  
1.98132E-12 0.1157
                  
3.73021E-12 0.0923

7.12258E-12 0.0777
                  
9.45902E-12 0.0584
                  
1.55894E-11 0.0453
                  
2.50081E-11 0.0365
                  
3.96888E-11 0.0294
                  
6.03490E-11 0.0232
                  
1.00557E-10 0.0174
                  
1.89015E-10 0.0129
                  
3.89244E-10 0.0089
                  
1.03633E-09 0.0054

0.00000E+00 0.0000
                  
0.00000E+00 0.0000
                  
0.00000E+00 0.0000
                  
1.98856E-15 1.0000
                  
5.96380E-15 0.8842
                  
2.46077E-14 0.6777
                  
4.93242E-14 0.5303
                  
6.11074E-14 0.4676
                  
1.46993E-13 0.3305
                  
3.24879E-13 0.2447
                  
1.02206E-12 0.1846
                  
1.24541E-12 0.1483
                  
2.23016E-12 0.1151

4.53626E-12 0.0851
                  
7.96139E-12 0.0671
                  
1.22633E-11 0.0522
                  
1.98321E-11 0.0427
                  
2.76257E-11 0.0349
                  
3.56870E-11 0.0300
                  
4.53843E-11 0.0252
                  
6.09653E-11 0.0209
                  
8.75510E-11 0.0149
                  
1.56930E-10 0.0079