origin  0.0000E+00  8.5106E-01 -5.3901E+00 extent  1.0000E+03  1.0000E+03
origin  0.0000E+00  6.5248E+00 -5.3901E+00 extent  1.0000E+04  1.0000E+04
origin  0.0000E+00 -5.0214E+01 -5.3901E+00 extent  2.0000E+03  2.0000E+03
origin  0.0000E+00 -5.5887E+01  5.9573E+00 extent  1.0000E+04  1.0000E+04
origin  0.0000E+00 -2.7518E+01 -2.2412E+01 extent  1.0000E+05  1.0000E+05
origin  0.0000E+00  2.5617E+02  2.6128E+02 extent  2.0000E+04  2.0000E+04
origin  0.0000E+00 -8.4256E+01  9.1063E+01 extent  2.0000E+05  2.0000E+05
origin  0.0000E+00 -6.5163E+02  6.5844E+02 extent  2.0000E+04  2.0000E+04
origin  0.0000E+00 -1.9773E+02  2.0454E+02 extent  4.0000E+03  4.0000E+03
basis  1.0000E+00  0.0000E+00  0.0000E+00  0.0000E+00  1.0000E+00  0.0000E+00
basis  0.0000E+00  0.0000E+00  1.0000E+00  1.0000E+00  0.0000E+00  0.0000E+00
origin  2.4397E+03 -1.9773E+02 -7.9151E+01 extent  8.0000E+02  8.0000E+02
