0.00000E+00 0.0000
                  
0.00000E+00 0.0000
                  
0.00000E+00 0.0000
                  
0.00000E+00 0.0000
                  
0.00000E+00 0.0000
                  
0.00000E+00 0.0000
                  
0.00000E+00 0.0000
                  
0.00000E+00 0.0000
                  
0.00000E+00 0.0000
                  
1.29133E-14 1.0000
                  
2.01008E-14 0.7842
                  
3.14331E-14 0.6104
                  
4.92019E-14 0.4784

1.07341E-13 0.3347
                  
2.23937E-13 0.2305
                  
6.27339E-13 0.1469
                  
1.48612E-12 0.1139
                  
3.02315E-12 0.0793
                  
7.06422E-12 0.0524
                  
1.75872E-11 0.0383
                  
4.28350E-11 0.0243
                  
1.11920E-10 0.0170
                  
2.34125E-10 0.0117

0.00000E+00 0.0000
                  
0.00000E+00 0.0000
                  
0.00000E+00 0.0000
                  
0.00000E+00 0.0000
                  
0.00000E+00 0.0000
                  
0.00000E+00 0.0000
                  
1.51962E-14 0.7156
                  
5.00373E-14 0.5982
                  
4.75261E-14 0.5798
                  
6.31896E-14 0.4584
                  
1.42014E-13 0.3345
                  
4.64684E-13 0.2362
                  
1.11405E-12 0.1592

1.84216E-12 0.1212
                  
3.48242E-12 0.0909
                  
6.47211E-12 0.0762
                  
1.11906E-11 0.0584
                  
1.66341E-11 0.0467
                  
2.33848E-11 0.0380
                  
2.91830E-11 0.0357
                  
3.05168E-11 0.0333
                  
3.14218E-11 0.0295
                  
6.07125E-11 0.0112

0.00000E+00 0.0000
                  
0.00000E+00 0.0000
                  
0.00000E+00 0.0000
                  
0.00000E+00 0.0000
                  
0.00000E+00 0.0000
                  
0.00000E+00 0.0000
                  
4.69960E-15 1.0000
                  
2.07474E-14 0.8896
                  
3.62588E-14 0.6973
                  
5.71646E-14 0.4863
                  
1.38451E-13 0.3563
                  
3.51429E-13 0.2743
                  
7.53571E-13 0.1930

1.38256E-12 0.1426
                  
2.82266E-12 0.1069
                  
4.58987E-12 0.0824
                  
7.91308E-12 0.0617
                  
1.31512E-11 0.0507
                  
1.80393E-11 0.0440
                  
2.23591E-11 0.0411
                  
2.42390E-11 0.0399
                  
2.89157E-11 0.0289
                  
8.05828E-11 0.0087

0.00000E+00 0.0000
                  
0.00000E+00 0.0000
                  
0.00000E+00 0.0000
                  
0.00000E+00 0.0000
                  
5.83829E-15 1.0000
                  
1.92056E-14 0.9505
                  
9.57798E-15 0.6250
                  
4.84091E-14 0.5099
                  
2.51840E-13 0.4396
                  
6.38177E-13 0.3373
                  
1.30572E-12 0.1826
                  
2.04432E-12 0.1300
                  
3.62036E-12 0.0958

6.30225E-12 0.0788
                  
8.40195E-12 0.0561
                  
1.51982E-11 0.0464
                  
2.40745E-11 0.0374
                  
3.68837E-11 0.0295
                  
5.68589E-11 0.0237
                  
9.65890E-11 0.0178
                  
1.80907E-10 0.0131
                  
3.75953E-10 0.0092
                  
9.73761E-10 0.0056

0.00000E+00 0.0000
                  
0.00000E+00 0.0000
                  
0.00000E+00 0.0000
                  
1.99034E-15 1.0000
                  
7.43263E-16 1.0000
                  
1.21175E-15 0.8926
                  
3.12638E-14 0.6931
                  
5.41940E-14 0.5172
                  
1.43185E-13 0.3381
                  
3.59662E-13 0.2457
                  
1.06149E-12 0.1701
                  
1.40629E-12 0.1661
                  
2.20556E-12 0.1144

4.46070E-12 0.0853
                  
7.63138E-12 0.0673
                  
1.22886E-11 0.0530
                  
1.93264E-11 0.0443
                  
2.66114E-11 0.0359
                  
3.45206E-11 0.0302
                  
4.43124E-11 0.0256
                  
5.93565E-11 0.0213
                  
8.41682E-11 0.0153
                  
1.48447E-10 0.0081