0.00000E+00 0.0000

                  
0.00000E+00 0.0000

                  
0.00000E+00 0.0000

                  
0.00000E+00 0.0000

                  
0.00000E+00 0.0000

                  
0.00000E+00 0.0000

                  
0.00000E+00 0.0000

                  
0.00000E+00 0.0000

                  
1.30232E-14 1.0000

                  
1.63688E-14 1.0000

                  
1.86161E-14 0.8807

                  
3.30916E-14 0.6084

                  
4.90083E-14 0.5580

1.09123E-13 0.3465

                  
2.77642E-13 0.2284

                  
6.46012E-13 0.1593

                  
1.30425E-12 0.1086

                  
2.68831E-12 0.0782

                  
6.12390E-12 0.0549

                  
1.53435E-11 0.0409

                  
3.67719E-11 0.0283

                  
9.34216E-11 0.0188

                  
1.90508E-10 0.0130

                  
0.00000E+00 0.0000
                  
0.00000E+00 0.0000
                  
0.00000E+00 0.0000
                  
0.00000E+00 0.0000
                  
0.00000E+00 0.0000
                  
2.63932E-15 1.0000
                  
1.73209E-14 1.0000
                  
2.36867E-14 0.9760
                  
2.98767E-14 0.7812
                  
7.26174E-14 0.4208
                  
2.34715E-13 0.3201
                  
4.49916E-13 0.2389
                  
9.59405E-13 0.1834

                  
1.43067E-12 0.1439
                  
2.86099E-12 0.1012
                  
4.93537E-12 0.0854
                  
9.04732E-12 0.0671
                  
1.47755E-11 0.0539
                  
1.96794E-11 0.0443
                  
2.35825E-11 0.0389
                  
2.59200E-11 0.0367
                  
2.69373E-11 0.0327
                  
5.03964E-11 0.0131

0.00000E+00 0.0000
                  
0.00000E+00 0.0000
                  
0.00000E+00 0.0000
                  
0.00000E+00 0.0000
                  
0.00000E+00 0.0000
                  
0.00000E+00 0.0000
                  
0.00000E+00 0.0000
                  
2.73059E-19 1.0000
                  
2.16811E-15 0.7608
                  
7.40348E-14 0.6918
                  
7.07166E-14 0.4625
                  
2.48294E-13 0.3173
                  
5.93483E-13 0.2388

1.17514E-12 0.1792
                  
2.01764E-12 0.1195
                  
3.71361E-12 0.0918
                  
6.42266E-12 0.0788
                  
1.03283E-11 0.0625
                  
1.37641E-11 0.0499
                  
1.75280E-11 0.0451
                  
1.75431E-11 0.0425
                  
2.36346E-11 0.0310
                  
6.50260E-11 0.0097

0.00000E+00 0.0000
                  
1.06911E-15 1.0000
                  
2.48011E-14 1.0000
                  
5.69159E-14 0.7346
                  
5.61527E-14 0.7339
                  
5.62337E-14 0.7192
                  
6.14043E-14 0.6541
                  
1.13448E-13 0.4410
                  
3.50438E-13 0.4994
                  
6.00367E-13 0.2464
                  
9.16083E-13 0.1796
                  
1.85884E-12 0.1387
                  
2.93816E-12 0.0980

                  
4.81256E-12 0.0852
                  
8.10311E-12 0.0634
                  
1.35262E-11 0.0529
                  
2.13134E-11 0.0403
                  
3.24168E-11 0.0323
                  
4.94107E-11 0.0258
                  
8.37220E-11 0.0192
                  
1.55043E-10 0.0144
                  
3.18311E-10 0.0101
                  
7.71695E-10 0.0065

1.10630E-17 1.0000
                  
7.66735E-15 1.0000
                  
1.19338E-14 1.0000
                  
1.18124E-14 1.0000
                  
1.43598E-14 0.8352
                  
5.10495E-14 0.5591
                  
9.85558E-14 0.4872
                  
1.58652E-13 0.6648
                  
1.45587E-13 0.3939
                  
3.24556E-13 0.3220
                  
1.14786E-12 0.3156
                  
1.44284E-12 0.1573
                  
2.43580E-12 0.1293

3.68233E-12 0.0924
                  
6.36426E-12 0.0744
                  
1.01463E-11 0.0587
                  
1.54101E-11 0.0464
                  
2.22134E-11 0.0390
                  
3.08831E-11 0.0335
                  
3.94342E-11 0.0280
                  
4.94486E-11 0.0230
                  
6.99297E-11 0.0165
                  
1.20542E-10 0.0093