0.00000E+00 0.0000
                  
0.00000E+00 0.0000
                  
0.00000E+00 0.0000
                  
0.00000E+00 0.0000
                  
0.00000E+00 0.0000
                  
0.00000E+00 0.0000
                  
2.92484E-16 1.0000
                  
5.01505E-15 0.7188
                  
8.12056E-15 0.6526
                  
3.88000E-14 0.4016
                  
1.72636E-13 0.1863
                  
5.86748E-13 0.1115
                  
1.47466E-12 0.0699
                  
4.25730E-12 0.0437
                  
1.29475E-11 0.0284
                  
5.94194E-11 0.0174

0.00000E+00 0.0000
                  
0.00000E+00 0.0000
                  
0.00000E+00 0.0000
                  
0.00000E+00 0.0000
                  
0.00000E+00 0.0000
                  
0.00000E+00 0.0000
                  
8.21471E-15 0.7076
                  
1.34528E-14 0.5395
                  
2.49141E-14 0.5153
                  
1.12692E-13 0.2430
                  
3.78825E-13 0.1267
                  
1.14701E-12 0.0775
                  
2.99242E-12 0.0486
                  
8.45463E-12 0.0311
                  
2.73949E-11 0.0212
                  
2.26688E-10 0.0074

0.00000E+00 0.0000
                  
0.00000E+00 0.0000
                  
0.00000E+00 0.0000
                  
0.00000E+00 0.0000
                  
0.00000E+00 0.0000
                  
0.00000E+00 0.0000
                  
4.70493E-15 0.8543
                  
2.21330E-14 0.5698
                  
5.07157E-14 0.3548
                  
1.20644E-13 0.2402
                  
3.61001E-13 0.1344
                  
9.76522E-13 0.0844
                  
2.67185E-12 0.0507
                  
7.77130E-12 0.0330
                  
2.57971E-11 0.0219
                  
3.15950E-10 0.0062

0.00000E+00 0.0000
                  
1.51643E-15 1.0000
                  
4.82168E-15 0.8486
                  
2.18358E-14 0.6234
                  
8.18745E-14 0.3732
                  
1.32192E-13 0.3119
                  
2.31775E-13 0.2316
                  
4.17857E-13 0.1805
                  
8.79610E-13 0.1324
                  
1.82494E-12 0.0877
                  
3.91882E-12 0.0595
                  
9.49090E-12 0.0413
                  
2.69724E-11 0.0296
                  
9.43161E-11 0.0197
                  
4.20332E-10 0.0112
                  
2.70268E-09 0.0045

0.00000E+00 0.0000
                  
0.00000E+00 0.0000
                  
0.00000E+00 0.0000
                  
0.00000E+00 0.0000
                  
5.43152E-16 1.0000
                  
2.65878E-15 0.9520
                  
1.15191E-14 0.7046
                  
2.74799E-14 0.6575
                  
5.87827E-14 0.3791
                  
1.32564E-13 0.2340
                  
4.35535E-13 0.1260
                  
1.29834E-12 0.0724
                  
3.93853E-12 0.0444
                  
1.17873E-11 0.0286
                  
4.63703E-11 0.0199
                  
6.04797E-10 0.0061